3

4 381
Tax10      0.00000000  0.63692700  1.18140000  1.07080000
Tax3       0.63692700  0.00000000  0.70195800  0.59136000  
Tax20      1.18140000  0.70195800  0.00000000  0.61216600  
Tax4       1.07080000  0.59136000  0.61216600  0.00000000   

4 210
Tax14      0.00000000  0.11026300  0.29855000  0.27683700  
Tax3       0.11026300  0.00000000  0.21525100  0.19353800  
Tax20      0.29855000  0.21525100  0.00000000  0.15977400  
Tax4       0.27683700  0.19353800  0.15977400  0.00000000  

4 590
Tax34      0.00000000  0.39659600  0.42909900  0.42292600  
Tax14      0.39659600  0.00000000  0.46365800  0.45748400  
Tax20      0.42909900  0.46365800  0.00000000  0.28217300  
Tax4       0.42292600  0.45748400  0.28217300  0.00000000 	
